
190
179
49
89
128
106
16
93
173
129
80
185
162
76
44
86
104
12
117
163
156
169
127
126
82
7
100
107
72
35
47
63
37
183
184
60
135
22
108
121
48
197
167
51
140
85
144
181
142
151
165
114
195
171
84
2
168
132
160
130
191
6
96
133
32
81
59
182
166
194
27
138
57
102
43
87
50
24
38
19
99
9
125
178
98
91
198
58
174
30
134
137
83
33
131
188
164
120
46
69
159
28
105
180
26
187
56
175
97
172
157
79
25
90
67
17
62
66
112
189
158
152
200
54
153
10
40
65
13
18
119
103
123
148
20
14
75
95
92
94
199
186
68
73
29
74
177
5
122
1
170
42
45
139
77
78
15
111
116
154
115
110
192
88
145
71
113
146
161
36
21
118
3
147
149
23
52
55
143
150
39
8
70
34
101
53
193
64
61
124
109
11
4
141
41
136
31
176
155
196